[array([0.157921, 0.611853]), array([0.420735, 0.939487]), array([0.368706, 0.832471, 0.245189]), array([0.091173, 0.738552, 0.560186, 0.802227]), array([0.293557, 0.910132, 0.135907, 0.675319]), array([0.506127, 0.071436, 0.236928, 0.948884, 0.456596]), array([0.103755, 0.877861, 0.674874, 0.099975, 0.446413, 0.739941]), array([0.562728, 0.142192, 0.897117, 0.493307, 0.038864, 0.760113,
       0.313245, 0.655901])]
[array([0.314782, 0.872195]), array([0.128451, 0.643209]), array([0.512934, 0.097321, 0.82341 ]), array([0.245678, 0.693214, 0.118902, 0.874563]), array([0.431205, 0.219874, 0.765432, 0.058913]), array([0.612345, 0.184209, 0.94321 , 0.327891, 0.502134]), array([0.345678, 0.781234, 0.129045, 0.564321, 0.902134, 0.218907]), array([0.214578, 0.89321 , 0.347891, 0.129045, 0.765432, 0.058913,
       0.502134, 0.612345])]
[array([0.5, 0.5]), array([0.55, 0.55]), array([0.5, 0.5, 0.5]), array([0.5, 0.5, 0.5, 0.5]), array([0.55, 0.55, 0.55, 0.55]), array([0.5, 0.5, 0.5, 0.5, 0.5]), array([0.5, 0.5, 0.5, 0.5, 0.5, 0.5]), array([0.5, 0.5, 0.5, 0.5, 0.5, 0.5, 0.5, 0.5])]
[array([0.495493, 0.473399]), array([0.494614, 0.461697]), array([0.499006, 0.462099, 0.45    ]), array([0.55    , 0.453074, 0.45    , 0.544007]), array([0.548001, 0.454062, 0.456388, 0.548606]), array([0.55    , 0.542646, 0.45    , 0.457483, 0.457431]), array([0.493186, 0.504032, 0.486696, 0.516569, 0.452644, 0.538666]), array([0.455696, 0.463659, 0.45    , 0.454353, 0.45    , 0.543213,
       0.549326, 0.47716 ])]
[array([0.492, 0.478]), array([0.486, 0.469]), array([0.495, 0.48 , 0.46 ]), array([0.52 , 0.468, 0.46 , 0.515]), array([0.515, 0.472, 0.47 , 0.518]), array([0.51 , 0.498, 0.46 , 0.47 , 0.468]), array([0.49 , 0.498, 0.485, 0.505, 0.46 , 0.512]), array([0.47 , 0.48 , 0.46 , 0.47 , 0.46 , 0.51 , 0.515, 0.485])]
[array([0.505, 0.465]), array([0.475, 0.485]), array([0.508, 0.472, 0.452]), array([0.528, 0.46 , 0.468, 0.508]), array([0.502, 0.48 , 0.458, 0.525]), array([0.498, 0.505, 0.452, 0.478, 0.46 ]), array([0.482, 0.51 , 0.492, 0.498, 0.452, 0.52 ]), array([0.462, 0.488, 0.455, 0.478, 0.468, 0.515, 0.522, 0.492])]
[array([0.525, 0.445]), array([0.455, 0.505]), array([0.528, 0.452, 0.472]), array([0.538, 0.45 , 0.458, 0.518]), array([0.19, 0.81, 0.37, 0.63]), array([0.508, 0.495, 0.462, 0.468, 0.45 ]), array([0.462, 0.53 , 0.512, 0.478, 0.432, 0.54 ]), array([0.72, 0.28, 0.61, 0.33, 0.57, 0.23, 0.17, 0.41])]
[array([0.525, 0.445]), array([0.455, 0.505]), array([0.528, 0.452, 0.472]), array([0.538, 0.45 , 0.458, 0.518]), array([0.19, 0.81, 0.37, 0.63]), array([0.508, 0.495, 0.462, 0.468, 0.45 ]), array([0.462, 0.53 , 0.512, 0.478, 0.432, 0.54 ]), array([0.72, 0.28, 0.61, 0.33, 0.57, 0.23, 0.17, 0.41])]
[array([0.71, 0.19]), array([0.15, 0.89]), array([0.24, 0.82, 0.35]), array([0.82, 0.31, 0.14, 0.75]), array([0.08, 0.92, 0.12, 0.88]), array([0.93, 0.18, 0.72, 0.3 , 0.05]), array([0.25, 0.88, 0.17, 0.69, 0.91, 0.32]), array([0.95, 0.05, 0.78, 0.26, 0.68, 0.12, 0.91, 0.33])]